0.566 0.094 0.34  winner
0.216 0.113 0.671
0.151 0.844 0.005
0.071 0.107 0.822
0.022 0.095 0.883
0.048 0.219 0.733
0.853 0.133 0.014
0.026 0.921 0.053
0.039 0.704 0.257
0.09 0.841 0.069

0.857 0.013 0.13
0.132 0.71 0.158
0.198 0.5 0.302
0.503 0.156 0.341
0.626 0.242 0.132  second
0.041 0.923 0.036
0.404 0.385 0.211  winner
0.178 0.391 0.431
0.057 0.435 0.508
0.205 0.722 0.073

0.046 0.279 0.675
0.259 0.713 0.028
0.494 0.01 0.496
0.056 0.885 0.059
0.49 0.172 0.338  winner
0.084 0.317 0.599
0.1 0.638 0.262
0.225 0.035 0.74
0.076 0.239 0.685
0.075 0.042 0.883

0.056 0.566 0.378
0.601 0.274 0.125
0.087 0.457 0.456
0.403 0.225 0.372  winner
0.395 0.04 0.565
0.052 0.681 0.267
0.582 0.008 0.41
0.397 0.487 0.116
0.239 0.16 0.601
0.504 0.443 0.053

0.028 0.825 0.147
0.27 0.363 0.367  second
0.293 0.076 0.631
0.288 0.371 0.341
0.866 0.04 0.094
0.616 0.116 0.268  winner
0.174 0.603 0.223
0.245 0.141 0.614
0.709 0.193 0.098
0.474 0.353 0.173

0.636 0.237 0.127
0.143 0.451 0.406
0.414 0.023 0.563
0.02 0.045 0.935
0.631 0.138 0.231  winner
0.119 0.421 0.46
0.548 0.358 0.094
0.094 0.465 0.441
0.364 0.504 0.132
0.007 0.87 0.123

0.317 0.563 0.12
0.297 0.359 0.344
0.295 0.242 0.463
0.166 0.107 0.727
0.896 0.008 0.096  winner
0.358 0.536 0.106
0.309 0.071 0.62
0.096 0.013 0.891
0.336 0.179 0.485
0.832 0.166 0.002

0.022 0.556 0.422
0.39 0.268 0.342   winner
0.635 0.086 0.279
0.211 0.51 0.279
0.597 0.31 0.093   second
0.015 0.335 0.65
0.6 0.227 0.173
0.237 0.409 0.354
0.182 0.483 0.335
0.19 0.496 0.314
_
